88888888888888888888888888888888
88888888888888888888888888888888
8,;,;,;,;,;,;,;,;,;,;,;,;,;,;,;8
8;,;,;,;,;,;,;,;,;,;,;,;,;,;,;,8
8,;,;,;,;,;,;,;,;,;,;,;,;,;,;,;8
8;,;,;,;,;,;,;,;,;,;,;,;,;,;,;,8
8,;,;,;,;,;,;,;,;,;,;,;,;,;,;,;8
8;,;,;,;,;,;,;,;,;,;,;,;,;,;,;,8
8,;,;,;,;,;,;,;,;,;,;,;,;,;,;,;8
8;,;,;,;,;,;,;,;,;,;,;,;,;,;,;,8
8,;,;,;,;,;,;,;,;,;,;,;,;,;,;,;8
8;,;,;,;,;,;,;,;,;,;,;,;,;,;,;,8
8,;,;,;,;,;,;,;,;,;,;,;,;,;,;,;8
8;,;,;,;,;,;,;,;,;,;,;,;,;,;,;,8
8,;,;,;,;,;,;,;,;,;,;,;,;,;,;,;8
8;,;,;,;,;,;,;,;,;,;,;,;,;,;,;,8
8,;,;,;,;,;,;,;,;,;,;,;,;,;,;,;8
8;,;,;,;,;,;,;,;,;,;,;,;,;,;,;,8
8,;,;,;,;,;,;,;,;,;,;,;,;,;,;,;8
8;,;,;,;,;,;,;,;,;,;,;,;,;,;,;,8
8,;,;,;,;,;,;,;,;,;,;,;,;,;,;,;8
8;,;,;,;,;,;,;,;,;,;,;,;,;,;,;,8
88888888888888888888888888888888
88888888888888888888888888888888